(kicad_pcb (version 20170123) (host pcbnew "(2017-07-14 revision 22e95aa)-master")

  (general
    (thickness 1.6)
    (drawings 20)
    (tracks 0)
    (zones 0)
    (modules 77)
    (nets 86)
  )

  (page A4)
  (layers
    (0 F.Cu signal)
    (31 B.Cu signal)
    (32 B.Adhes user)
    (33 F.Adhes user)
    (34 B.Paste user)
    (35 F.Paste user)
    (36 B.SilkS user)
    (37 F.SilkS user)
    (38 B.Mask user)
    (39 F.Mask user)
    (40 Dwgs.User user)
    (41 Cmts.User user)
    (42 Eco1.User user)
    (43 Eco2.User user)
    (44 Edge.Cuts user)
    (45 Margin user)
    (46 B.CrtYd user)
    (47 F.CrtYd user)
    (48 B.Fab user)
    (49 F.Fab user)
  )

  (setup
    (last_trace_width 0.25)
    (trace_clearance 0.2)
    (zone_clearance 0.508)
    (zone_45_only no)
    (trace_min 0.2)
    (segment_width 0.2)
    (edge_width 0.15)
    (via_size 0.8)
    (via_drill 0.4)
    (via_min_size 0.4)
    (via_min_drill 0.3)
    (uvia_size 0.3)
    (uvia_drill 0.1)
    (uvias_allowed no)
    (uvia_min_size 0.2)
    (uvia_min_drill 0.1)
    (pcb_text_width 0.3)
    (pcb_text_size 1.5 1.5)
    (mod_edge_width 0.15)
    (mod_text_size 1 1)
    (mod_text_width 0.15)
    (pad_size 1.8 1.8)
    (pad_drill 1)
    (pad_to_mask_clearance 0.2)
    (aux_axis_origin 0 0)
    (visible_elements 7FFFFFFF)
    (pcbplotparams
      (layerselection 0x00030_ffffffff)
      (usegerberextensions false)
      (excludeedgelayer true)
      (linewidth 0.100000)
      (plotframeref false)
      (viasonmask false)
      (mode 1)
      (useauxorigin false)
      (hpglpennumber 1)
      (hpglpenspeed 20)
      (hpglpendiameter 15)
      (psnegative false)
      (psa4output false)
      (plotreference true)
      (plotvalue true)
      (plotinvisibletext false)
      (padsonsilk false)
      (subtractmaskfromsilk false)
      (outputformat 1)
      (mirror false)
      (drillshape 1)
      (scaleselection 1)
      (outputdirectory ""))
  )

  (net 0 "")
  (net 1 "Net-(C1-Pad1)")
  (net 2 GND)
  (net 3 -12VA)
  (net 4 "Net-(C2-Pad1)")
  (net 5 "Net-(C3-Pad2)")
  (net 6 "Net-(C3-Pad1)")
  (net 7 "Net-(C4-Pad1)")
  (net 8 "Net-(C4-Pad2)")
  (net 9 "Net-(C5-Pad1)")
  (net 10 "Net-(C5-Pad2)")
  (net 11 "Net-(C6-Pad2)")
  (net 12 "Net-(C6-Pad1)")
  (net 13 "Net-(C7-Pad2)")
  (net 14 "Net-(C8-Pad2)")
  (net 15 /5V)
  (net 16 "Net-(C10-Pad1)")
  (net 17 "Net-(C10-Pad2)")
  (net 18 /7400_OUT)
  (net 19 "Net-(C11-Pad2)")
  (net 20 +12V)
  (net 21 /SH_CLOCK)
  (net 22 "Net-(D3-Pad1)")
  (net 23 "Net-(D3-Pad2)")
  (net 24 "Net-(P1-Pad1)")
  (net 25 "Net-(P1-Pad2)")
  (net 26 "Net-(P1-Pad3)")
  (net 27 "Net-(P1-Pad4)")
  (net 28 /COMP_CV0)
  (net 29 /COMP_IN_0)
  (net 30 /H_NOISE_OUT)
  (net 31 /Y_NOISE_OUT)
  (net 32 /7400_CLK_IN)
  (net 33 /7400_IN)
  (net 34 /SH_OUT)
  (net 35 /SH_IN)
  (net 36 /buffer_out1)
  (net 37 /buffer_in1)
  (net 38 /buffer_out)
  (net 39 /buffer_in)
  (net 40 /COMP_OUT0)
  (net 41 "Net-(Q1-Pad1)")
  (net 42 "Net-(Q2-Pad2)")
  (net 43 "Net-(Q2-Pad3)")
  (net 44 "Net-(Q4-Pad3)")
  (net 45 "Net-(Q5-Pad3)")
  (net 46 "Net-(Q5-Pad1)")
  (net 47 "Net-(Q6-Pad2)")
  (net 48 "Net-(R8-Pad2)")
  (net 49 "Net-(R14-Pad2)")
  (net 50 "Net-(R16-Pad1)")
  (net 51 "Net-(R17-Pad1)")
  (net 52 "Net-(R18-Pad1)")
  (net 53 "Net-(R23-Pad1)")
  (net 54 /COMP_IN0)
  (net 55 "Net-(R25-Pad2)")
  (net 56 "Net-(R26-Pad1)")
  (net 57 "Net-(R27-Pad1)")
  (net 58 "Net-(R28-Pad2)")
  (net 59 "Net-(R29-Pad1)")
  (net 60 "Net-(U2-Pad8)")
  (net 61 "Net-(U2-Pad5)")
  (net 62 "Net-(U2-Pad1)")
  (net 63 "Net-(U3-Pad1)")
  (net 64 "Net-(U3-Pad5)")
  (net 65 "Net-(U3-Pad8)")
  (net 66 "Net-(U5-Pad1)")
  (net 67 "Net-(U5-Pad5)")
  (net 68 "Net-(U5-Pad8)")
  (net 69 "Net-(U6-Pad1)")
  (net 70 "Net-(U6-Pad5)")
  (net 71 "Net-(U6-Pad8)")
  (net 72 "Net-(U7-Pad8)")
  (net 73 "Net-(U7-Pad5)")
  (net 74 "Net-(U7-Pad1)")
  (net 75 "Net-(U8-Pad8)")
  (net 76 "Net-(U8-Pad5)")
  (net 77 "Net-(U8-Pad1)")
  (net 78 "Net-(M1-Pad2)")
  (net 79 "Net-(M1-Pad3)")
  (net 80 "Net-(M2-Pad3)")
  (net 81 "Net-(M2-Pad2)")
  (net 82 "Net-(M3-Pad2)")
  (net 83 "Net-(M3-Pad3)")
  (net 84 "Net-(M4-Pad3)")
  (net 85 "Net-(M4-Pad2)")

  (net_class Default "This is the default net class."
    (clearance 0.2)
    (trace_width 0.25)
    (via_dia 0.8)
    (via_drill 0.4)
    (uvia_dia 0.3)
    (uvia_drill 0.1)
    (add_net +12V)
    (add_net -12VA)
    (add_net /5V)
    (add_net /7400_CLK_IN)
    (add_net /7400_IN)
    (add_net /7400_OUT)
    (add_net /COMP_CV0)
    (add_net /COMP_IN0)
    (add_net /COMP_IN_0)
    (add_net /COMP_OUT0)
    (add_net /H_NOISE_OUT)
    (add_net /SH_CLOCK)
    (add_net /SH_IN)
    (add_net /SH_OUT)
    (add_net /Y_NOISE_OUT)
    (add_net /buffer_in)
    (add_net /buffer_in1)
    (add_net /buffer_out)
    (add_net /buffer_out1)
    (add_net GND)
    (add_net "Net-(C1-Pad1)")
    (add_net "Net-(C10-Pad1)")
    (add_net "Net-(C10-Pad2)")
    (add_net "Net-(C11-Pad2)")
    (add_net "Net-(C2-Pad1)")
    (add_net "Net-(C3-Pad1)")
    (add_net "Net-(C3-Pad2)")
    (add_net "Net-(C4-Pad1)")
    (add_net "Net-(C4-Pad2)")
    (add_net "Net-(C5-Pad1)")
    (add_net "Net-(C5-Pad2)")
    (add_net "Net-(C6-Pad1)")
    (add_net "Net-(C6-Pad2)")
    (add_net "Net-(C7-Pad2)")
    (add_net "Net-(C8-Pad2)")
    (add_net "Net-(D3-Pad1)")
    (add_net "Net-(D3-Pad2)")
    (add_net "Net-(M1-Pad2)")
    (add_net "Net-(M1-Pad3)")
    (add_net "Net-(M2-Pad2)")
    (add_net "Net-(M2-Pad3)")
    (add_net "Net-(M3-Pad2)")
    (add_net "Net-(M3-Pad3)")
    (add_net "Net-(M4-Pad2)")
    (add_net "Net-(M4-Pad3)")
    (add_net "Net-(P1-Pad1)")
    (add_net "Net-(P1-Pad2)")
    (add_net "Net-(P1-Pad3)")
    (add_net "Net-(P1-Pad4)")
    (add_net "Net-(Q1-Pad1)")
    (add_net "Net-(Q2-Pad2)")
    (add_net "Net-(Q2-Pad3)")
    (add_net "Net-(Q4-Pad3)")
    (add_net "Net-(Q5-Pad1)")
    (add_net "Net-(Q5-Pad3)")
    (add_net "Net-(Q6-Pad2)")
    (add_net "Net-(R14-Pad2)")
    (add_net "Net-(R16-Pad1)")
    (add_net "Net-(R17-Pad1)")
    (add_net "Net-(R18-Pad1)")
    (add_net "Net-(R23-Pad1)")
    (add_net "Net-(R25-Pad2)")
    (add_net "Net-(R26-Pad1)")
    (add_net "Net-(R27-Pad1)")
    (add_net "Net-(R28-Pad2)")
    (add_net "Net-(R29-Pad1)")
    (add_net "Net-(R8-Pad2)")
    (add_net "Net-(U2-Pad1)")
    (add_net "Net-(U2-Pad5)")
    (add_net "Net-(U2-Pad8)")
    (add_net "Net-(U3-Pad1)")
    (add_net "Net-(U3-Pad5)")
    (add_net "Net-(U3-Pad8)")
    (add_net "Net-(U5-Pad1)")
    (add_net "Net-(U5-Pad5)")
    (add_net "Net-(U5-Pad8)")
    (add_net "Net-(U6-Pad1)")
    (add_net "Net-(U6-Pad5)")
    (add_net "Net-(U6-Pad8)")
    (add_net "Net-(U7-Pad1)")
    (add_net "Net-(U7-Pad5)")
    (add_net "Net-(U7-Pad8)")
    (add_net "Net-(U8-Pad1)")
    (add_net "Net-(U8-Pad5)")
    (add_net "Net-(U8-Pad8)")
  )

  (module SMD_Packages:SMD-1206_Pol (layer F.Cu) (tedit 0) (tstamp 59936B00)
    (at 130 135)
    (path /5967A107)
    (attr smd)
    (fp_text reference C1 (at 0 0) (layer F.SilkS)
      (effects (font (size 1 1) (thickness 0.15)))
    )
    (fp_text value 47u (at 0 0) (layer F.Fab)
      (effects (font (size 1 1) (thickness 0.15)))
    )
    (fp_line (start -2.54 -1.143) (end -2.794 -1.143) (layer F.SilkS) (width 0.15))
    (fp_line (start -2.794 -1.143) (end -2.794 1.143) (layer F.SilkS) (width 0.15))
    (fp_line (start -2.794 1.143) (end -2.54 1.143) (layer F.SilkS) (width 0.15))
    (fp_line (start -2.54 -1.143) (end -2.54 1.143) (layer F.SilkS) (width 0.15))
    (fp_line (start -2.54 1.143) (end -0.889 1.143) (layer F.SilkS) (width 0.15))
    (fp_line (start 0.889 -1.143) (end 2.54 -1.143) (layer F.SilkS) (width 0.15))
    (fp_line (start 2.54 -1.143) (end 2.54 1.143) (layer F.SilkS) (width 0.15))
    (fp_line (start 2.54 1.143) (end 0.889 1.143) (layer F.SilkS) (width 0.15))
    (fp_line (start -0.889 -1.143) (end -2.54 -1.143) (layer F.SilkS) (width 0.15))
    (pad 1 smd rect (at -1.651 0) (size 1.524 2.032) (layers F.Cu F.Paste F.Mask)
      (net 1 "Net-(C1-Pad1)"))
    (pad 2 smd rect (at 1.651 0) (size 1.524 2.032) (layers F.Cu F.Paste F.Mask)
      (net 2 GND))
    (model SMD_Packages.3dshapes/SMD-1206_Pol.wrl
      (at (xyz 0 0 0))
      (scale (xyz 0.17 0.16 0.16))
      (rotate (xyz 0 0 0))
    )
  )

  (module SMD_Packages:SMD-1206_Pol (layer F.Cu) (tedit 0) (tstamp 59936B0F)
    (at 222 99)
    (path /5967B067)
    (attr smd)
    (fp_text reference C2 (at 0 0) (layer F.SilkS)
      (effects (font (size 1 1) (thickness 0.15)))
    )
    (fp_text value 10u (at 0 0) (layer F.Fab)
      (effects (font (size 1 1) (thickness 0.15)))
    )
    (fp_line (start -2.54 -1.143) (end -2.794 -1.143) (layer F.SilkS) (width 0.15))
    (fp_line (start -2.794 -1.143) (end -2.794 1.143) (layer F.SilkS) (width 0.15))
    (fp_line (start -2.794 1.143) (end -2.54 1.143) (layer F.SilkS) (width 0.15))
    (fp_line (start -2.54 -1.143) (end -2.54 1.143) (layer F.SilkS) (width 0.15))
    (fp_line (start -2.54 1.143) (end -0.889 1.143) (layer F.SilkS) (width 0.15))
    (fp_line (start 0.889 -1.143) (end 2.54 -1.143) (layer F.SilkS) (width 0.15))
    (fp_line (start 2.54 -1.143) (end 2.54 1.143) (layer F.SilkS) (width 0.15))
    (fp_line (start 2.54 1.143) (end 0.889 1.143) (layer F.SilkS) (width 0.15))
    (fp_line (start -0.889 -1.143) (end -2.54 -1.143) (layer F.SilkS) (width 0.15))
    (pad 1 smd rect (at -1.651 0) (size 1.524 2.032) (layers F.Cu F.Paste F.Mask)
      (net 4 "Net-(C2-Pad1)"))
    (pad 2 smd rect (at 1.651 0) (size 1.524 2.032) (layers F.Cu F.Paste F.Mask)
      (net 3 -12VA))
    (model SMD_Packages.3dshapes/SMD-1206_Pol.wrl
      (at (xyz 0 0 0))
      (scale (xyz 0.17 0.16 0.16))
      (rotate (xyz 0 0 0))
    )
  )

  (module Capacitors_SMD:C_0805_HandSoldering (layer F.Cu) (tedit 58AA84A8) (tstamp 59936B20)
    (at 239 70)
    (descr "Capacitor SMD 0805, hand soldering")
    (tags "capacitor 0805")
    (path /596817CB)
    (attr smd)
    (fp_text reference C3 (at 0 -1.75) (layer F.SilkS)
      (effects (font (size 1 1) (thickness 0.15)))
    )
    (fp_text value 1n (at 0 1.75) (layer F.Fab)
      (effects (font (size 1 1) (thickness 0.15)))
    )
    (fp_line (start 2.25 0.87) (end -2.25 0.87) (layer F.CrtYd) (width 0.05))
    (fp_line (start 2.25 0.87) (end 2.25 -0.88) (layer F.CrtYd) (width 0.05))
    (fp_line (start -2.25 -0.88) (end -2.25 0.87) (layer F.CrtYd) (width 0.05))
    (fp_line (start -2.25 -0.88) (end 2.25 -0.88) (layer F.CrtYd) (width 0.05))
    (fp_line (start -0.5 0.85) (end 0.5 0.85) (layer F.SilkS) (width 0.12))
    (fp_line (start 0.5 -0.85) (end -0.5 -0.85) (layer F.SilkS) (width 0.12))
    (fp_line (start -1 -0.62) (end 1 -0.62) (layer F.Fab) (width 0.1))
    (fp_line (start 1 -0.62) (end 1 0.62) (layer F.Fab) (width 0.1))
    (fp_line (start 1 0.62) (end -1 0.62) (layer F.Fab) (width 0.1))
    (fp_line (start -1 0.62) (end -1 -0.62) (layer F.Fab) (width 0.1))
    (fp_text user %R (at 0 -1.75) (layer F.Fab)
      (effects (font (size 1 1) (thickness 0.15)))
    )
    (pad 2 smd rect (at 1.25 0) (size 1.5 1.25) (layers F.Cu F.Paste F.Mask)
      (net 5 "Net-(C3-Pad2)"))
    (pad 1 smd rect (at -1.25 0) (size 1.5 1.25) (layers F.Cu F.Paste F.Mask)
      (net 6 "Net-(C3-Pad1)"))
    (model Capacitors_SMD.3dshapes/C_0805.wrl
      (at (xyz 0 0 0))
      (scale (xyz 1 1 1))
      (rotate (xyz 0 0 0))
    )
  )

  (module SMD_Packages:SMD-1206_Pol (layer F.Cu) (tedit 5970844B) (tstamp 59936B2F)
    (at 137 143 180)
    (path /59679B9B)
    (attr smd)
    (fp_text reference C4 (at 0 0 180) (layer F.SilkS)
      (effects (font (size 1 1) (thickness 0.15)))
    )
    (fp_text value 47u (at 0 0 180) (layer F.Fab)
      (effects (font (size 1 1) (thickness 0.15)))
    )
    (fp_line (start -0.889 -1.143) (end -2.54 -1.143) (layer F.SilkS) (width 0.15))
    (fp_line (start 2.54 1.143) (end 0.889 1.143) (layer F.SilkS) (width 0.15))
    (fp_line (start 2.54 -1.143) (end 2.54 1.143) (layer F.SilkS) (width 0.15))
    (fp_line (start 0.889 -1.143) (end 2.54 -1.143) (layer F.SilkS) (width 0.15))
    (fp_line (start -2.54 1.143) (end -0.889 1.143) (layer F.SilkS) (width 0.15))
    (fp_line (start -2.54 -1.143) (end -2.54 1.143) (layer F.SilkS) (width 0.15))
    (fp_line (start -2.794 1.143) (end -2.54 1.143) (layer F.SilkS) (width 0.15))
    (fp_line (start -2.794 -1.143) (end -2.794 1.143) (layer F.SilkS) (width 0.15))
    (fp_line (start -2.54 -1.143) (end -2.794 -1.143) (layer F.SilkS) (width 0.15))
    (pad 2 smd rect (at 1.651 0 180) (size 1.524 2.032) (layers F.Cu F.Paste F.Mask)
      (net 8 "Net-(C4-Pad2)"))
    (pad 1 smd rect (at -1.651 0 180) (size 1.524 2.032) (layers F.Cu F.Paste F.Mask)
      (net 7 "Net-(C4-Pad1)"))
    (model SMD_Packages.3dshapes/SMD-1206_Pol.wrl
      (at (xyz 0 0 0))
      (scale (xyz 0.17 0.16 0.16))
      (rotate (xyz 0 0 0))
    )
  )

  (module SMD_Packages:SMD-1206_Pol (layer F.Cu) (tedit 0) (tstamp 59936B3E)
    (at 124 138)
    (path /5967E5DC)
    (attr smd)
    (fp_text reference C5 (at 0 0) (layer F.SilkS)
      (effects (font (size 1 1) (thickness 0.15)))
    )
    (fp_text value 10u (at 0 0) (layer F.Fab)
      (effects (font (size 1 1) (thickness 0.15)))
    )
    (fp_line (start -2.54 -1.143) (end -2.794 -1.143) (layer F.SilkS) (width 0.15))
    (fp_line (start -2.794 -1.143) (end -2.794 1.143) (layer F.SilkS) (width 0.15))
    (fp_line (start -2.794 1.143) (end -2.54 1.143) (layer F.SilkS) (width 0.15))
    (fp_line (start -2.54 -1.143) (end -2.54 1.143) (layer F.SilkS) (width 0.15))
    (fp_line (start -2.54 1.143) (end -0.889 1.143) (layer F.SilkS) (width 0.15))
    (fp_line (start 0.889 -1.143) (end 2.54 -1.143) (layer F.SilkS) (width 0.15))
    (fp_line (start 2.54 -1.143) (end 2.54 1.143) (layer F.SilkS) (width 0.15))
    (fp_line (start 2.54 1.143) (end 0.889 1.143) (layer F.SilkS) (width 0.15))
    (fp_line (start -0.889 -1.143) (end -2.54 -1.143) (layer F.SilkS) (width 0.15))
    (pad 1 smd rect (at -1.651 0) (size 1.524 2.032) (layers F.Cu F.Paste F.Mask)
      (net 9 "Net-(C5-Pad1)"))
    (pad 2 smd rect (at 1.651 0) (size 1.524 2.032) (layers F.Cu F.Paste F.Mask)
      (net 10 "Net-(C5-Pad2)"))
    (model SMD_Packages.3dshapes/SMD-1206_Pol.wrl
      (at (xyz 0 0 0))
      (scale (xyz 0.17 0.16 0.16))
      (rotate (xyz 0 0 0))
    )
  )

  (module Capacitors_SMD:C_0805_HandSoldering (layer F.Cu) (tedit 58AA84A8) (tstamp 59936B4F)
    (at 120 157 180)
    (descr "Capacitor SMD 0805, hand soldering")
    (tags "capacitor 0805")
    (path /596804D2)
    (attr smd)
    (fp_text reference C6 (at 0 -1.75 180) (layer F.SilkS)
      (effects (font (size 1 1) (thickness 0.15)))
    )
    (fp_text value 10p (at 0 1.75 180) (layer F.Fab)
      (effects (font (size 1 1) (thickness 0.15)))
    )
    (fp_text user %R (at 0 -1.75 180) (layer F.Fab)
      (effects (font (size 1 1) (thickness 0.15)))
    )
    (fp_line (start -1 0.62) (end -1 -0.62) (layer F.Fab) (width 0.1))
    (fp_line (start 1 0.62) (end -1 0.62) (layer F.Fab) (width 0.1))
    (fp_line (start 1 -0.62) (end 1 0.62) (layer F.Fab) (width 0.1))
    (fp_line (start -1 -0.62) (end 1 -0.62) (layer F.Fab) (width 0.1))
    (fp_line (start 0.5 -0.85) (end -0.5 -0.85) (layer F.SilkS) (width 0.12))
    (fp_line (start -0.5 0.85) (end 0.5 0.85) (layer F.SilkS) (width 0.12))
    (fp_line (start -2.25 -0.88) (end 2.25 -0.88) (layer F.CrtYd) (width 0.05))
    (fp_line (start -2.25 -0.88) (end -2.25 0.87) (layer F.CrtYd) (width 0.05))
    (fp_line (start 2.25 0.87) (end 2.25 -0.88) (layer F.CrtYd) (width 0.05))
    (fp_line (start 2.25 0.87) (end -2.25 0.87) (layer F.CrtYd) (width 0.05))
    (pad 1 smd rect (at -1.25 0 180) (size 1.5 1.25) (layers F.Cu F.Paste F.Mask)
      (net 12 "Net-(C6-Pad1)"))
    (pad 2 smd rect (at 1.25 0 180) (size 1.5 1.25) (layers F.Cu F.Paste F.Mask)
      (net 11 "Net-(C6-Pad2)"))
    (model Capacitors_SMD.3dshapes/C_0805.wrl
      (at (xyz 0 0 0))
      (scale (xyz 1 1 1))
      (rotate (xyz 0 0 0))
    )
  )

  (module Capacitors_SMD:C_0805_HandSoldering (layer F.Cu) (tedit 58AA84A8) (tstamp 59936B60)
    (at 224 68 180)
    (descr "Capacitor SMD 0805, hand soldering")
    (tags "capacitor 0805")
    (path /596865E7)
    (attr smd)
    (fp_text reference C7 (at 0 -1.75 180) (layer F.SilkS)
      (effects (font (size 1 1) (thickness 0.15)))
    )
    (fp_text value 100N (at 0 1.75 180) (layer F.Fab)
      (effects (font (size 1 1) (thickness 0.15)))
    )
    (fp_text user %R (at 0 -1.75 180) (layer F.Fab)
      (effects (font (size 1 1) (thickness 0.15)))
    )
    (fp_line (start -1 0.62) (end -1 -0.62) (layer F.Fab) (width 0.1))
    (fp_line (start 1 0.62) (end -1 0.62) (layer F.Fab) (width 0.1))
    (fp_line (start 1 -0.62) (end 1 0.62) (layer F.Fab) (width 0.1))
    (fp_line (start -1 -0.62) (end 1 -0.62) (layer F.Fab) (width 0.1))
    (fp_line (start 0.5 -0.85) (end -0.5 -0.85) (layer F.SilkS) (width 0.12))
    (fp_line (start -0.5 0.85) (end 0.5 0.85) (layer F.SilkS) (width 0.12))
    (fp_line (start -2.25 -0.88) (end 2.25 -0.88) (layer F.CrtYd) (width 0.05))
    (fp_line (start -2.25 -0.88) (end -2.25 0.87) (layer F.CrtYd) (width 0.05))
    (fp_line (start 2.25 0.87) (end 2.25 -0.88) (layer F.CrtYd) (width 0.05))
    (fp_line (start 2.25 0.87) (end -2.25 0.87) (layer F.CrtYd) (width 0.05))
    (pad 1 smd rect (at -1.25 0 180) (size 1.5 1.25) (layers F.Cu F.Paste F.Mask)
      (net 2 GND))
    (pad 2 smd rect (at 1.25 0 180) (size 1.5 1.25) (layers F.Cu F.Paste F.Mask)
      (net 13 "Net-(C7-Pad2)"))
    (model Capacitors_SMD.3dshapes/C_0805.wrl
      (at (xyz 0 0 0))
      (scale (xyz 1 1 1))
      (rotate (xyz 0 0 0))
    )
  )

  (module Capacitors_SMD:C_0805_HandSoldering (layer F.Cu) (tedit 58AA84A8) (tstamp 59936B71)
    (at 210 134 180)
    (descr "Capacitor SMD 0805, hand soldering")
    (tags "capacitor 0805")
    (path /5968D6B8)
    (attr smd)
    (fp_text reference C8 (at 0 -1.75 180) (layer F.SilkS)
      (effects (font (size 1 1) (thickness 0.15)))
    )
    (fp_text value 100N (at 0 1.75 180) (layer F.Fab)
      (effects (font (size 1 1) (thickness 0.15)))
    )
    (fp_text user %R (at 0 -1.75 180) (layer F.Fab)
      (effects (font (size 1 1) (thickness 0.15)))
    )
    (fp_line (start -1 0.62) (end -1 -0.62) (layer F.Fab) (width 0.1))
    (fp_line (start 1 0.62) (end -1 0.62) (layer F.Fab) (width 0.1))
    (fp_line (start 1 -0.62) (end 1 0.62) (layer F.Fab) (width 0.1))
    (fp_line (start -1 -0.62) (end 1 -0.62) (layer F.Fab) (width 0.1))
    (fp_line (start 0.5 -0.85) (end -0.5 -0.85) (layer F.SilkS) (width 0.12))
    (fp_line (start -0.5 0.85) (end 0.5 0.85) (layer F.SilkS) (width 0.12))
    (fp_line (start -2.25 -0.88) (end 2.25 -0.88) (layer F.CrtYd) (width 0.05))
    (fp_line (start -2.25 -0.88) (end -2.25 0.87) (layer F.CrtYd) (width 0.05))
    (fp_line (start 2.25 0.87) (end 2.25 -0.88) (layer F.CrtYd) (width 0.05))
    (fp_line (start 2.25 0.87) (end -2.25 0.87) (layer F.CrtYd) (width 0.05))
    (pad 1 smd rect (at -1.25 0 180) (size 1.5 1.25) (layers F.Cu F.Paste F.Mask)
      (net 2 GND))
    (pad 2 smd rect (at 1.25 0 180) (size 1.5 1.25) (layers F.Cu F.Paste F.Mask)
      (net 14 "Net-(C8-Pad2)"))
    (model Capacitors_SMD.3dshapes/C_0805.wrl
      (at (xyz 0 0 0))
      (scale (xyz 1 1 1))
      (rotate (xyz 0 0 0))
    )
  )

  (module Capacitors_SMD:C_0805_HandSoldering (layer F.Cu) (tedit 58AA84A8) (tstamp 59936B82)
    (at 209 146)
    (descr "Capacitor SMD 0805, hand soldering")
    (tags "capacitor 0805")
    (path /5968DE2C)
    (attr smd)
    (fp_text reference C9 (at 0 -1.75) (layer F.SilkS)
      (effects (font (size 1 1) (thickness 0.15)))
    )
    (fp_text value 100N (at 0 1.75) (layer F.Fab)
      (effects (font (size 1 1) (thickness 0.15)))
    )
    (fp_line (start 2.25 0.87) (end -2.25 0.87) (layer F.CrtYd) (width 0.05))
    (fp_line (start 2.25 0.87) (end 2.25 -0.88) (layer F.CrtYd) (width 0.05))
    (fp_line (start -2.25 -0.88) (end -2.25 0.87) (layer F.CrtYd) (width 0.05))
    (fp_line (start -2.25 -0.88) (end 2.25 -0.88) (layer F.CrtYd) (width 0.05))
    (fp_line (start -0.5 0.85) (end 0.5 0.85) (layer F.SilkS) (width 0.12))
    (fp_line (start 0.5 -0.85) (end -0.5 -0.85) (layer F.SilkS) (width 0.12))
    (fp_line (start -1 -0.62) (end 1 -0.62) (layer F.Fab) (width 0.1))
    (fp_line (start 1 -0.62) (end 1 0.62) (layer F.Fab) (width 0.1))
    (fp_line (start 1 0.62) (end -1 0.62) (layer F.Fab) (width 0.1))
    (fp_line (start -1 0.62) (end -1 -0.62) (layer F.Fab) (width 0.1))
    (fp_text user %R (at 0 -1.75) (layer F.Fab)
      (effects (font (size 1 1) (thickness 0.15)))
    )
    (pad 2 smd rect (at 1.25 0) (size 1.5 1.25) (layers F.Cu F.Paste F.Mask)
      (net 15 /5V))
    (pad 1 smd rect (at -1.25 0) (size 1.5 1.25) (layers F.Cu F.Paste F.Mask)
      (net 2 GND))
    (model Capacitors_SMD.3dshapes/C_0805.wrl
      (at (xyz 0 0 0))
      (scale (xyz 1 1 1))
      (rotate (xyz 0 0 0))
    )
  )

  (module SMD_Packages:SMD-1206_Pol (layer F.Cu) (tedit 0) (tstamp 59936B91)
    (at 215 137)
    (path /5968F636)
    (attr smd)
    (fp_text reference C10 (at 0 0) (layer F.SilkS)
      (effects (font (size 1 1) (thickness 0.15)))
    )
    (fp_text value 10u (at 0 0) (layer F.Fab)
      (effects (font (size 1 1) (thickness 0.15)))
    )
    (fp_line (start -0.889 -1.143) (end -2.54 -1.143) (layer F.SilkS) (width 0.15))
    (fp_line (start 2.54 1.143) (end 0.889 1.143) (layer F.SilkS) (width 0.15))
    (fp_line (start 2.54 -1.143) (end 2.54 1.143) (layer F.SilkS) (width 0.15))
    (fp_line (start 0.889 -1.143) (end 2.54 -1.143) (layer F.SilkS) (width 0.15))
    (fp_line (start -2.54 1.143) (end -0.889 1.143) (layer F.SilkS) (width 0.15))
    (fp_line (start -2.54 -1.143) (end -2.54 1.143) (layer F.SilkS) (width 0.15))
    (fp_line (start -2.794 1.143) (end -2.54 1.143) (layer F.SilkS) (width 0.15))
    (fp_line (start -2.794 -1.143) (end -2.794 1.143) (layer F.SilkS) (width 0.15))
    (fp_line (start -2.54 -1.143) (end -2.794 -1.143) (layer F.SilkS) (width 0.15))
    (pad 2 smd rect (at 1.651 0) (size 1.524 2.032) (layers F.Cu F.Paste F.Mask)
      (net 17 "Net-(C10-Pad2)"))
    (pad 1 smd rect (at -1.651 0) (size 1.524 2.032) (layers F.Cu F.Paste F.Mask)
      (net 16 "Net-(C10-Pad1)"))
    (model SMD_Packages.3dshapes/SMD-1206_Pol.wrl
      (at (xyz 0 0 0))
      (scale (xyz 0.17 0.16 0.16))
      (rotate (xyz 0 0 0))
    )
  )

  (module Capacitors_SMD:C_0805_HandSoldering (layer F.Cu) (tedit 58AA84A8) (tstamp 59936BA2)
    (at 223 135 180)
    (descr "Capacitor SMD 0805, hand soldering")
    (tags "capacitor 0805")
    (path /5968FEEA)
    (attr smd)
    (fp_text reference C11 (at 0 -1.75 180) (layer F.SilkS)
      (effects (font (size 1 1) (thickness 0.15)))
    )
    (fp_text value 18p (at 0 1.75 180) (layer F.Fab)
      (effects (font (size 1 1) (thickness 0.15)))
    )
    (fp_text user %R (at 0 -1.75 180) (layer F.Fab)
      (effects (font (size 1 1) (thickness 0.15)))
    )
    (fp_line (start -1 0.62) (end -1 -0.62) (layer F.Fab) (width 0.1))
    (fp_line (start 1 0.62) (end -1 0.62) (layer F.Fab) (width 0.1))
    (fp_line (start 1 -0.62) (end 1 0.62) (layer F.Fab) (width 0.1))
    (fp_line (start -1 -0.62) (end 1 -0.62) (layer F.Fab) (width 0.1))
    (fp_line (start 0.5 -0.85) (end -0.5 -0.85) (layer F.SilkS) (width 0.12))
    (fp_line (start -0.5 0.85) (end 0.5 0.85) (layer F.SilkS) (width 0.12))
    (fp_line (start -2.25 -0.88) (end 2.25 -0.88) (layer F.CrtYd) (width 0.05))
    (fp_line (start -2.25 -0.88) (end -2.25 0.87) (layer F.CrtYd) (width 0.05))
    (fp_line (start 2.25 0.87) (end 2.25 -0.88) (layer F.CrtYd) (width 0.05))
    (fp_line (start 2.25 0.87) (end -2.25 0.87) (layer F.CrtYd) (width 0.05))
    (pad 1 smd rect (at -1.25 0 180) (size 1.5 1.25) (layers F.Cu F.Paste F.Mask)
      (net 18 /7400_OUT))
    (pad 2 smd rect (at 1.25 0 180) (size 1.5 1.25) (layers F.Cu F.Paste F.Mask)
      (net 19 "Net-(C11-Pad2)"))
    (model Capacitors_SMD.3dshapes/C_0805.wrl
      (at (xyz 0 0 0))
      (scale (xyz 1 1 1))
      (rotate (xyz 0 0 0))
    )
  )

  (module Capacitors_SMD:C_0805_HandSoldering (layer F.Cu) (tedit 58AA84A8) (tstamp 59936BB3)
    (at 154 135 180)
    (descr "Capacitor SMD 0805, hand soldering")
    (tags "capacitor 0805")
    (path /5968BE3D)
    (attr smd)
    (fp_text reference C12 (at 0 -1.75 180) (layer F.SilkS)
      (effects (font (size 1 1) (thickness 0.15)))
    )
    (fp_text value 100N (at 0 1.75 180) (layer F.Fab)
      (effects (font (size 1 1) (thickness 0.15)))
    )
    (fp_line (start 2.25 0.87) (end -2.25 0.87) (layer F.CrtYd) (width 0.05))
    (fp_line (start 2.25 0.87) (end 2.25 -0.88) (layer F.CrtYd) (width 0.05))
    (fp_line (start -2.25 -0.88) (end -2.25 0.87) (layer F.CrtYd) (width 0.05))
    (fp_line (start -2.25 -0.88) (end 2.25 -0.88) (layer F.CrtYd) (width 0.05))
    (fp_line (start -0.5 0.85) (end 0.5 0.85) (layer F.SilkS) (width 0.12))
    (fp_line (start 0.5 -0.85) (end -0.5 -0.85) (layer F.SilkS) (width 0.12))
    (fp_line (start -1 -0.62) (end 1 -0.62) (layer F.Fab) (width 0.1))
    (fp_line (start 1 -0.62) (end 1 0.62) (layer F.Fab) (width 0.1))
    (fp_line (start 1 0.62) (end -1 0.62) (layer F.Fab) (width 0.1))
    (fp_line (start -1 0.62) (end -1 -0.62) (layer F.Fab) (width 0.1))
    (fp_text user %R (at 0 -1.75 180) (layer F.Fab)
      (effects (font (size 1 1) (thickness 0.15)))
    )
    (pad 2 smd rect (at 1.25 0 180) (size 1.5 1.25) (layers F.Cu F.Paste F.Mask)
      (net 20 +12V))
    (pad 1 smd rect (at -1.25 0 180) (size 1.5 1.25) (layers F.Cu F.Paste F.Mask)
      (net 2 GND))
    (model Capacitors_SMD.3dshapes/C_0805.wrl
      (at (xyz 0 0 0))
      (scale (xyz 1 1 1))
      (rotate (xyz 0 0 0))
    )
  )

  (module SMD_Packages:SMD-1206_Pol (layer F.Cu) (tedit 0) (tstamp 59936BC2)
    (at 154 138)
    (path /5968BF2C)
    (attr smd)
    (fp_text reference C13 (at 0 0) (layer F.SilkS)
      (effects (font (size 1 1) (thickness 0.15)))
    )
    (fp_text value 10u (at 0 0) (layer F.Fab)
      (effects (font (size 1 1) (thickness 0.15)))
    )
    (fp_line (start -0.889 -1.143) (end -2.54 -1.143) (layer F.SilkS) (width 0.15))
    (fp_line (start 2.54 1.143) (end 0.889 1.143) (layer F.SilkS) (width 0.15))
    (fp_line (start 2.54 -1.143) (end 2.54 1.143) (layer F.SilkS) (width 0.15))
    (fp_line (start 0.889 -1.143) (end 2.54 -1.143) (layer F.SilkS) (width 0.15))
    (fp_line (start -2.54 1.143) (end -0.889 1.143) (layer F.SilkS) (width 0.15))
    (fp_line (start -2.54 -1.143) (end -2.54 1.143) (layer F.SilkS) (width 0.15))
    (fp_line (start -2.794 1.143) (end -2.54 1.143) (layer F.SilkS) (width 0.15))
    (fp_line (start -2.794 -1.143) (end -2.794 1.143) (layer F.SilkS) (width 0.15))
    (fp_line (start -2.54 -1.143) (end -2.794 -1.143) (layer F.SilkS) (width 0.15))
    (pad 2 smd rect (at 1.651 0) (size 1.524 2.032) (layers F.Cu F.Paste F.Mask)
      (net 2 GND))
    (pad 1 smd rect (at -1.651 0) (size 1.524 2.032) (layers F.Cu F.Paste F.Mask)
      (net 20 +12V))
    (model SMD_Packages.3dshapes/SMD-1206_Pol.wrl
      (at (xyz 0 0 0))
      (scale (xyz 0.17 0.16 0.16))
      (rotate (xyz 0 0 0))
    )
  )

  (module SMD_Packages:SMD-1206_Pol (layer F.Cu) (tedit 0) (tstamp 59936BD1)
    (at 160 138 180)
    (path /5968C101)
    (attr smd)
    (fp_text reference C14 (at 0 0 180) (layer F.SilkS)
      (effects (font (size 1 1) (thickness 0.15)))
    )
    (fp_text value 10u (at 0 0 180) (layer F.Fab)
      (effects (font (size 1 1) (thickness 0.15)))
    )
    (fp_line (start -2.54 -1.143) (end -2.794 -1.143) (layer F.SilkS) (width 0.15))
    (fp_line (start -2.794 -1.143) (end -2.794 1.143) (layer F.SilkS) (width 0.15))
    (fp_line (start -2.794 1.143) (end -2.54 1.143) (layer F.SilkS) (width 0.15))
    (fp_line (start -2.54 -1.143) (end -2.54 1.143) (layer F.SilkS) (width 0.15))
    (fp_line (start -2.54 1.143) (end -0.889 1.143) (layer F.SilkS) (width 0.15))
    (fp_line (start 0.889 -1.143) (end 2.54 -1.143) (layer F.SilkS) (width 0.15))
    (fp_line (start 2.54 -1.143) (end 2.54 1.143) (layer F.SilkS) (width 0.15))
    (fp_line (start 2.54 1.143) (end 0.889 1.143) (layer F.SilkS) (width 0.15))
    (fp_line (start -0.889 -1.143) (end -2.54 -1.143) (layer F.SilkS) (width 0.15))
    (pad 1 smd rect (at -1.651 0 180) (size 1.524 2.032) (layers F.Cu F.Paste F.Mask)
      (net 15 /5V))
    (pad 2 smd rect (at 1.651 0 180) (size 1.524 2.032) (layers F.Cu F.Paste F.Mask)
      (net 2 GND))
    (model SMD_Packages.3dshapes/SMD-1206_Pol.wrl
      (at (xyz 0 0 0))
      (scale (xyz 0.17 0.16 0.16))
      (rotate (xyz 0 0 0))
    )
  )

  (module Capacitors_SMD:C_0805_HandSoldering (layer F.Cu) (tedit 58AA84A8) (tstamp 59936BE2)
    (at 160 135 180)
    (descr "Capacitor SMD 0805, hand soldering")
    (tags "capacitor 0805")
    (path /5968C026)
    (attr smd)
    (fp_text reference C15 (at 0 -1.75 180) (layer F.SilkS)
      (effects (font (size 1 1) (thickness 0.15)))
    )
    (fp_text value 100N (at 0 1.75 180) (layer F.Fab)
      (effects (font (size 1 1) (thickness 0.15)))
    )
    (fp_line (start 2.25 0.87) (end -2.25 0.87) (layer F.CrtYd) (width 0.05))
    (fp_line (start 2.25 0.87) (end 2.25 -0.88) (layer F.CrtYd) (width 0.05))
    (fp_line (start -2.25 -0.88) (end -2.25 0.87) (layer F.CrtYd) (width 0.05))
    (fp_line (start -2.25 -0.88) (end 2.25 -0.88) (layer F.CrtYd) (width 0.05))
    (fp_line (start -0.5 0.85) (end 0.5 0.85) (layer F.SilkS) (width 0.12))
    (fp_line (start 0.5 -0.85) (end -0.5 -0.85) (layer F.SilkS) (width 0.12))
    (fp_line (start -1 -0.62) (end 1 -0.62) (layer F.Fab) (width 0.1))
    (fp_line (start 1 -0.62) (end 1 0.62) (layer F.Fab) (width 0.1))
    (fp_line (start 1 0.62) (end -1 0.62) (layer F.Fab) (width 0.1))
    (fp_line (start -1 0.62) (end -1 -0.62) (layer F.Fab) (width 0.1))
    (fp_text user %R (at 0 -1.75 180) (layer F.Fab)
      (effects (font (size 1 1) (thickness 0.15)))
    )
    (pad 2 smd rect (at 1.25 0 180) (size 1.5 1.25) (layers F.Cu F.Paste F.Mask)
      (net 2 GND))
    (pad 1 smd rect (at -1.25 0 180) (size 1.5 1.25) (layers F.Cu F.Paste F.Mask)
      (net 15 /5V))
    (model Capacitors_SMD.3dshapes/C_0805.wrl
      (at (xyz 0 0 0))
      (scale (xyz 1 1 1))
      (rotate (xyz 0 0 0))
    )
  )

  (module Diodes_THT:D_DO-35_SOD27_P2.54mm_Vertical_AnodeUp (layer F.Cu) (tedit 5921392E) (tstamp 59936BF6)
    (at 230 70)
    (descr "D, DO-35_SOD27 series, Axial, Vertical, pin pitch=2.54mm, , length*diameter=4*2mm^2, , http://www.diodes.com/_files/packages/DO-35.pdf")
    (tags "D DO-35_SOD27 series Axial Vertical pin pitch 2.54mm  length 4mm diameter 2mm")
    (path /59688B8B)
    (fp_text reference D1 (at 1.27 -2.266371) (layer F.SilkS)
      (effects (font (size 1 1) (thickness 0.15)))
    )
    (fp_text value 1n4148 (at 1.27 3.155371) (layer F.Fab)
      (effects (font (size 1 1) (thickness 0.15)))
    )
    (fp_text user K (at -1.966371 0) (layer F.Fab)
      (effects (font (size 1 1) (thickness 0.15)))
    )
    (fp_text user %R (at 1.27 0) (layer F.Fab)
      (effects (font (size 1 1) (thickness 0.15)))
    )
    (fp_line (start 0 0) (end 2.54 0) (layer F.Fab) (width 0.1))
    (fp_line (start 1.266371 0) (end 1.44 0) (layer F.SilkS) (width 0.12))
    (fp_line (start 1.397 0.98) (end 1.397 1.869) (layer F.SilkS) (width 0.12))
    (fp_line (start 1.397 1.4245) (end 1.989667 0.98) (layer F.SilkS) (width 0.12))
    (fp_line (start 1.989667 0.98) (end 1.989667 1.869) (layer F.SilkS) (width 0.12))
    (fp_line (start 1.989667 1.869) (end 1.397 1.4245) (layer F.SilkS) (width 0.12))
    (fp_line (start -1.35 -1.55) (end -1.35 1.55) (layer F.CrtYd) (width 0.05))
    (fp_line (start -1.35 1.55) (end 3.65 1.55) (layer F.CrtYd) (width 0.05))
    (fp_line (start 3.65 1.55) (end 3.65 -1.55) (layer F.CrtYd) (width 0.05))
    (fp_line (start 3.65 -1.55) (end -1.35 -1.55) (layer F.CrtYd) (width 0.05))
    (fp_circle (center 0 0) (end 1 0) (layer F.Fab) (width 0.1))
    (fp_circle (center 0 0) (end 1.266371 0) (layer F.SilkS) (width 0.12))
    (pad 1 thru_hole rect (at 0 0) (size 1.6 1.6) (drill 0.8) (layers *.Cu *.Mask)
      (net 5 "Net-(C3-Pad2)"))
    (pad 2 thru_hole oval (at 2.54 0) (size 1.6 1.6) (drill 0.8) (layers *.Cu *.Mask)
      (net 21 /SH_CLOCK))
    (model ${KISYS3DMOD}/Diodes_THT.3dshapes/D_DO-35_SOD27_P2.54mm_Vertical_AnodeUp.wrl
      (at (xyz 0 0 0))
      (scale (xyz 0.393701 0.393701 0.393701))
      (rotate (xyz 0 0 0))
    )
  )

  (module Diodes_THT:D_DO-35_SOD27_P2.54mm_Vertical_AnodeUp (layer F.Cu) (tedit 597087B5) (tstamp 59936C0A)
    (at 237 75)
    (descr "D, DO-35_SOD27 series, Axial, Vertical, pin pitch=2.54mm, , length*diameter=4*2mm^2, , http://www.diodes.com/_files/packages/DO-35.pdf")
    (tags "D DO-35_SOD27 series Axial Vertical pin pitch 2.54mm  length 4mm diameter 2mm")
    (path /59687E46)
    (fp_text reference D2 (at 1.27 -2.266371) (layer F.SilkS)
      (effects (font (size 1 1) (thickness 0.15)))
    )
    (fp_text value 1n4148 (at 1.27 3.155371) (layer F.Fab)
      (effects (font (size 1 1) (thickness 0.15)))
    )
    (fp_circle (center 0 0) (end 1.266371 0) (layer F.SilkS) (width 0.12))
    (fp_circle (center 0 0) (end 1 0) (layer F.Fab) (width 0.1))
    (fp_line (start 3.65 -1.55) (end -1.35 -1.55) (layer F.CrtYd) (width 0.05))
    (fp_line (start 3.65 1.55) (end 3.65 -1.55) (layer F.CrtYd) (width 0.05))
    (fp_line (start -1.35 1.55) (end 3.65 1.55) (layer F.CrtYd) (width 0.05))
    (fp_line (start -1.35 -1.55) (end -1.35 1.55) (layer F.CrtYd) (width 0.05))
    (fp_line (start 1.989667 1.869) (end 1.397 1.4245) (layer F.SilkS) (width 0.12))
    (fp_line (start 1.989667 0.98) (end 1.989667 1.869) (layer F.SilkS) (width 0.12))
    (fp_line (start 1.397 1.4245) (end 1.989667 0.98) (layer F.SilkS) (width 0.12))
    (fp_line (start 1.397 0.98) (end 1.397 1.869) (layer F.SilkS) (width 0.12))
    (fp_line (start 1.266371 0) (end 1.44 0) (layer F.SilkS) (width 0.12))
    (fp_line (start 0 0) (end 2.54 0) (layer F.Fab) (width 0.1))
    (fp_text user %R (at 1.123667 0.434129) (layer F.Fab)
      (effects (font (size 1 1) (thickness 0.15)))
    )
    (fp_text user K (at -1.966371 0) (layer F.Fab)
      (effects (font (size 1 1) (thickness 0.15)))
    )
    (pad 2 thru_hole oval (at 2.54 0) (size 1.6 1.6) (drill 0.8) (layers *.Cu *.Mask)
      (net 2 GND))
    (pad 1 thru_hole rect (at 0 0) (size 1.6 1.6) (drill 0.8) (layers *.Cu *.Mask)
      (net 6 "Net-(C3-Pad1)"))
    (model ${KISYS3DMOD}/Diodes_THT.3dshapes/D_DO-35_SOD27_P2.54mm_Vertical_AnodeUp.wrl
      (at (xyz 0 0 0))
      (scale (xyz 0.393701 0.393701 0.393701))
      (rotate (xyz 0 0 0))
    )
  )

  (module Diodes_THT:D_DO-35_SOD27_P2.54mm_Vertical_AnodeUp (layer F.Cu) (tedit 5921392E) (tstamp 59936C1E)
    (at 227 52 180)
    (descr "D, DO-35_SOD27 series, Axial, Vertical, pin pitch=2.54mm, , length*diameter=4*2mm^2, , http://www.diodes.com/_files/packages/DO-35.pdf")
    (tags "D DO-35_SOD27 series Axial Vertical pin pitch 2.54mm  length 4mm diameter 2mm")
    (path /59682B0F)
    (fp_text reference D3 (at 1.27 -2.266371 180) (layer F.SilkS)
      (effects (font (size 1 1) (thickness 0.15)))
    )
    (fp_text value 1n4148 (at 1.27 3.155371 180) (layer F.Fab)
      (effects (font (size 1 1) (thickness 0.15)))
    )
    (fp_circle (center 0 0) (end 1.266371 0) (layer F.SilkS) (width 0.12))
    (fp_circle (center 0 0) (end 1 0) (layer F.Fab) (width 0.1))
    (fp_line (start 3.65 -1.55) (end -1.35 -1.55) (layer F.CrtYd) (width 0.05))
    (fp_line (start 3.65 1.55) (end 3.65 -1.55) (layer F.CrtYd) (width 0.05))
    (fp_line (start -1.35 1.55) (end 3.65 1.55) (layer F.CrtYd) (width 0.05))
    (fp_line (start -1.35 -1.55) (end -1.35 1.55) (layer F.CrtYd) (width 0.05))
    (fp_line (start 1.989667 1.869) (end 1.397 1.4245) (layer F.SilkS) (width 0.12))
    (fp_line (start 1.989667 0.98) (end 1.989667 1.869) (layer F.SilkS) (width 0.12))
    (fp_line (start 1.397 1.4245) (end 1.989667 0.98) (layer F.SilkS) (width 0.12))
    (fp_line (start 1.397 0.98) (end 1.397 1.869) (layer F.SilkS) (width 0.12))
    (fp_line (start 1.266371 0) (end 1.44 0) (layer F.SilkS) (width 0.12))
    (fp_line (start 0 0) (end 2.54 0) (layer F.Fab) (width 0.1))
    (fp_text user %R (at 1.27 0 180) (layer F.Fab)
      (effects (font (size 1 1) (thickness 0.15)))
    )
    (fp_text user K (at -1.966371 0 180) (layer F.Fab)
      (effects (font (size 1 1) (thickness 0.15)))
    )
    (pad 2 thru_hole oval (at 2.54 0 180) (size 1.6 1.6) (drill 0.8) (layers *.Cu *.Mask)
      (net 23 "Net-(D3-Pad2)"))
    (pad 1 thru_hole rect (at 0 0 180) (size 1.6 1.6) (drill 0.8) (layers *.Cu *.Mask)
      (net 22 "Net-(D3-Pad1)"))
    (model ${KISYS3DMOD}/Diodes_THT.3dshapes/D_DO-35_SOD27_P2.54mm_Vertical_AnodeUp.wrl
      (at (xyz 0 0 0))
      (scale (xyz 0.393701 0.393701 0.393701))
      (rotate (xyz 0 0 0))
    )
  )

  (module erthenvar:ERTHENVAR-JACK (layer F.Cu) (tedit 0) (tstamp 59936C32)
    (at 92 41)
    (path /596F56F1)
    (fp_text reference M1 (at 6.35 -5.715) (layer F.SilkS)
      (effects (font (size 1.27 1.27) (thickness 0.1016)))
    )
    (fp_text value AUDIO-JACKERTHENVAR (at 0 0) (layer Eco1.User) hide
      (effects (font (size 0 0) (thickness 0.000001)))
    )
    (fp_line (start -4.826 -5.969) (end -4.826 -2.159) (layer F.SilkS) (width 0.2032))
    (fp_line (start -2.032 -5.969) (end -4.826 -5.969) (layer F.SilkS) (width 0.2032))
    (fp_line (start 4.953 -5.969) (end 2.413 -5.969) (layer F.SilkS) (width 0.2032))
    (fp_line (start 4.953 -1.651) (end 4.953 -5.969) (layer Eco1.User) (width 0.2032))
    (fp_line (start 4.953 5.08) (end 4.953 1.778) (layer F.SilkS) (width 0.2032))
    (fp_line (start 1.651 5.08) (end 4.953 5.08) (layer F.SilkS) (width 0.2032))
    (fp_line (start -4.99872 4.99872) (end -1.99898 4.99872) (layer F.SilkS) (width 0.2032))
    (fp_line (start -4.99872 1.99898) (end -4.99872 4.99872) (layer F.SilkS) (width 0.2032))
    (fp_line (start -4.89966 4.89966) (end -4.89966 -5.99948) (layer Cmts.User) (width 0.127))
    (fp_line (start 4.89966 4.89966) (end -4.89966 4.89966) (layer Cmts.User) (width 0.127))
    (fp_line (start 4.89966 -5.99948) (end 4.89966 4.89966) (layer Cmts.User) (width 0.127))
    (fp_line (start -4.89966 -5.99948) (end 4.89966 -5.99948) (layer Cmts.User) (width 0.127))
    (pad 1@2 thru_hole oval (at 4.19862 0 90) (size 2.2479 2.2479) (drill 1.4986) (layers *.Cu *.Mask)
      (net 2 GND))
    (pad 2 thru_hole oval (at 0 3.29946 90) (size 3.74904 3.74904) (drill 2.49936) (layers *.Cu *.Mask)
      (net 78 "Net-(M1-Pad2)"))
    (pad 3 thru_hole oval (at 0 -4.89966 90) (size 3.74904 3.74904) (drill 2.49936) (layers *.Cu *.Mask)
      (net 79 "Net-(M1-Pad3)"))
    (pad 1@1 thru_hole oval (at -4.19862 0 90) (size 3.74904 3.74904) (drill 2.49936) (layers *.Cu *.Mask)
      (net 2 GND))
  )

  (module erthenvar:ERTHENVAR-JACK (layer F.Cu) (tedit 0) (tstamp 59936C46)
    (at 65 60)
    (path /596F5851)
    (fp_text reference M2 (at 6.35 -5.715) (layer F.SilkS)
      (effects (font (size 1.27 1.27) (thickness 0.1016)))
    )
    (fp_text value AUDIO-JACKERTHENVAR (at 0 0) (layer Eco1.User) hide
      (effects (font (size 0 0) (thickness 0.000001)))
    )
    (fp_line (start -4.89966 -5.99948) (end 4.89966 -5.99948) (layer Cmts.User) (width 0.127))
    (fp_line (start 4.89966 -5.99948) (end 4.89966 4.89966) (layer Cmts.User) (width 0.127))
    (fp_line (start 4.89966 4.89966) (end -4.89966 4.89966) (layer Cmts.User) (width 0.127))
    (fp_line (start -4.89966 4.89966) (end -4.89966 -5.99948) (layer Cmts.User) (width 0.127))
    (fp_line (start -4.99872 1.99898) (end -4.99872 4.99872) (layer F.SilkS) (width 0.2032))
    (fp_line (start -4.99872 4.99872) (end -1.99898 4.99872) (layer F.SilkS) (width 0.2032))
    (fp_line (start 1.651 5.08) (end 4.953 5.08) (layer F.SilkS) (width 0.2032))
    (fp_line (start 4.953 5.08) (end 4.953 1.778) (layer F.SilkS) (width 0.2032))
    (fp_line (start 4.953 -1.651) (end 4.953 -5.969) (layer Eco1.User) (width 0.2032))
    (fp_line (start 4.953 -5.969) (end 2.413 -5.969) (layer F.SilkS) (width 0.2032))
